HEAD
70 61 6D 6D 38 03 00 00 18 00 14 00 28 00 00 00 21 00 00 00 19 00 00 00 FF FF FF FF 0C 00 00 00 

TAB
58 46 49 52 5E 2B 00 00 00 00 00 00 01 00 00 00 00 00 00 00 - 00
70 61 6D 69 18 00 00 00 0C 00 00 00 01 00 00 00 28 85 D9 03 - 01
70 61 6D 6D 38 03 00 00 2C 00 00 00 00 00 00 00 B8 86 D9 03 - 02
2A 59 45 4B 74 01 00 00 6C 03 00 00 00 00 00 00 00 00 00 00 - 03
74 53 41 43 D2 00 00 00 E6 1B 00 00 00 00 00 00 00 00 00 00 - 04
2A 53 41 43 04 00 00 00 DA 1B 00 00 00 00 00 00 00 00 00 00 - 05
58 74 63 4C 78 00 00 00 C0 1C 00 00 00 00 00 00 00 00 00 00 - 06
6B 6E 75 6A 00 00 00 00 6E 2A 00 00 04 00 00 00 08 00 00 00 - 07
6B 6E 75 6A 00 00 00 00 66 2A 00 00 04 00 00 00 FF FF FF FF - 08
66 6E 69 43 3C 00 00 00 96 1B 00 00 00 00 00 00 00 00 00 00 - 09
6D 61 6E 4C 2A 0C 00 00 34 1E 00 00 00 00 00 00 00 00 00 00 - 0A
72 63 73 4C EC 00 00 00 40 1D 00 00 00 00 00 00 00 00 00 00 - 0B
65 65 72 66 00 00 00 00 00 00 00 00 0C 00 00 00 18 00 00 00 - 0C
46 43 52 44 64 00 00 00 E8 04 00 00 00 00 00 00 00 00 00 00 - 0D
70 6D 58 46 EF 0E 00 00 74 05 00 00 00 00 00 00 00 00 00 00 - 0E
4C 73 43 4D 3A 00 00 00 F8 18 00 00 00 00 00 00 00 00 00 00 - 0F
64 72 6F 53 18 00 00 00 54 05 00 00 00 00 00 00 00 00 00 00 - 10
49 46 57 56 74 00 00 00 76 2A 00 00 00 00 00 00 00 00 00 00 - 11
43 53 57 56 40 00 00 00 F2 2A 00 00 00 00 00 00 00 00 00 00 - 12
6B 6E 75 6A 00 00 00 00 50 2B 00 00 04 00 00 00 07 00 00 00 - 13
42 4C 57 56 06 00 00 00 42 2B 00 00 00 00 00 00 00 00 00 00 - 14
65 65 72 66 00 00 00 00 00 00 00 00 0C 00 00 00 FF FF FF FF - 15
6E 61 68 43 06 00 00 00 58 2B 00 00 00 00 00 00 00 00 00 00 - 16
6C 52 54 58 83 04 00 00 6C 14 00 00 00 00 00 00 00 00 00 00 - 17
65 65 72 66 00 00 00 00 00 00 00 00 0C 00 00 00 15 00 00 00 - 18
6B 6E 75 6A 00 00 00 00 3A 2B 00 00 04 00 00 00 13 00 00 00 - 19
53 52 45 56 0C 00 00 00 3A 19 00 00 00 00 00 00 00 00 00 00 - 1A
4C 4F 43 46 38 00 00 00 4E 19 00 00 00 00 00 00 00 00 00 00 - 1B
4C 42 55 50 99 01 00 00 8E 19 00 00 00 00 00 00 00 00 00 00 - 1C
44 49 52 47 10 00 00 00 30 1B 00 00 00 00 00 00 00 00 00 00 - 1D
4C 46 44 4D 06 00 00 00 48 1B 00 00 00 00 00 00 00 00 00 00 - 1E
46 52 43 53 18 00 00 00 56 1B 00 00 00 00 00 00 00 00 00 00 - 1F
46 52 43 53 18 00 00 00 76 1B 00 00 00 00 00 00 00 00 00 00 - 20
00 00 00 00 00 00 00 00 00 00 00 00 00 00 00 00 00 00 00 00 - 21
00 00 00 00 00 00 00 00 00 00 00 00 00 00 00 00 00 00 00 00 - 22
00 00 00 00 00 00 00 00 00 00 00 00 00 00 00 00 00 00 00 00 - 23
00 00 00 00 00 00 00 00 00 00 00 00 00 00 00 00 00 00 00 00 - 24
00 00 00 00 00 00 00 00 00 00 00 00 00 00 00 00 00 00 00 00 - 25
00 00 00 00 00 00 00 00 00 00 00 00 00 00 00 00 00 00 00 00 - 26
00 00 00 00 00 00 00 00 00 00 00 00 00 00 00 00 00 00 00 00 - 27